  0.0000    6    8.000   1.0000         syok2
  8.0000    5    2.000   1.0000          NULL 
 10.0000    5   20.000   1.0000         syok1
 18.0000    0    2.000   1.0000          NULL 
 20.0000    7    8.000   1.0000         syok3
 28.0000    0    2.000   1.0000          NULL 
 30.0000    6    8.000   1.0000         syok2
 38.0000    0    2.000   1.0000          NULL 
 40.0000    7    8.000   1.0000         syok3
 48.0000    0    2.000   1.0000          NULL 
 50.0000    7    8.000   1.0000         syok3
 58.0000    0    2.000   1.0000          NULL 
 60.0000    6    8.000   1.0000         syok2
 68.0000    0    2.000   1.0000          NULL 
 70.0000    7    8.000   1.0000         syok3
 78.0000    0    2.000   1.0000          NULL 
 80.0000    8    8.000   1.0000         syok4
 88.0000    0    2.000   1.0000          NULL 
 90.0000    8    8.000   1.0000         syok4
 98.0000    0    2.000   1.0000          NULL 
100.0000    8    8.000   1.0000         syok4
108.0000    0    2.000   1.0000          NULL 
110.0000    2   10.000   1.0000         svar2
120.0000    0    2.000   1.0000          NULL 
122.0000    6    8.000   1.0000         syok2
130.0000    0    2.000   1.0000          NULL 
132.0000    7    8.000   1.0000         syok3
140.0000    0    2.000   1.0000          NULL 
142.0000    6    8.000   1.0000         syok2
150.0000    0    2.000   1.0000          NULL 
152.0000    4   10.000   1.0000         svar4
162.0000    0    2.000   1.0000          NULL 
164.0000    6    8.000   1.0000         syok2
172.0000    0    2.000   1.0000          NULL 
174.0000    6    8.000   1.0000         syok2
182.0000    0    2.000   1.0000          NULL 
184.0000    7    8.000   1.0000         syok3
192.0000    0    2.000   1.0000          NULL 
194.0000    5    8.000   1.0000         syok1
202.0000    0    2.000   1.0000          NULL 
204.0000    6    8.000   1.0000         syok2
212.0000    0    2.000   1.0000          NULL 
214.0000    8    8.000   1.0000         syok4
222.0000    0    2.000   1.0000          NULL 
224.0000    6    8.000   1.0000         syok2
232.0000    0    2.000   1.0000          NULL 
234.0000    3   10.000   1.0000         svar3
244.0000    0    2.000   1.0000          NULL 
246.0000    8    8.000   1.0000         syok4
254.0000    0    2.000   1.0000          NULL 
256.0000    7    8.000   1.0000         syok3
264.0000    0    2.000   1.0000          NULL 
266.0000    8    8.000   1.0000         syok4
274.0000    0    2.000   1.0000          NULL 
276.0000    1   10.000   1.0000         svar1
286.0000    0    2.000   1.0000          NULL 
288.0000    5    8.000   1.0000         syok1
296.0000    0    2.000   1.0000          NULL 
298.0000    6    8.000   1.0000         syok2
306.0000    0    2.000   1.0000          NULL 
308.0000    8    8.000   1.0000         syok4
316.0000    0    2.000   1.0000          NULL 
318.0000    6    8.000   1.0000         syok2
326.0000    0    2.000   1.0000          NULL 
328.0000    5    8.000   1.0000         syok1
336.0000    0    2.000   1.0000          NULL 
338.0000    7    8.000   1.0000         syok3
346.0000    0    2.000   1.0000          NULL 
348.0000    4   10.000   1.0000         svar4
358.0000    0    2.000   1.0000          NULL 
360.0000    5    8.000   1.0000         syok1
368.0000    0    2.000   1.0000          NULL 
370.0000    8    8.000   1.0000         syok4
378.0000    0    2.000   1.0000          NULL 
380.0000    4   10.000   1.0000         svar4
390.0000    0    2.000   1.0000          NULL 
392.0000    7    8.000   1.0000         syok3
400.0000    0    2.000   1.0000          NULL 
402.0000    3   10.000   1.0000         svar3
412.0000    0    2.000   1.0000          NULL 
414.0000    7    8.000   1.0000         syok3
422.0000    0    2.000   1.0000          NULL 
424.0000    1   10.000   1.0000         svar1
434.0000    0    2.000   1.0000          NULL 
436.0000    8    8.000   1.0000         syok4
444.0000    0    2.000   1.0000          NULL 
446.0000    5    8.000   1.0000         syok1
454.0000    0    2.000   1.0000          NULL 
456.0000    1   10.000   1.0000         svar1
466.0000    0    2.000   1.0000          NULL 
468.0000    6    8.000   1.0000         syok2
476.0000    0    2.000   1.0000          NULL 
478.0000    5    8.000   1.0000         syok1
486.0000    0    2.000   1.0000          NULL 
488.0000    3   10.000   1.0000         svar3
498.0000    0    2.000   1.0000          NULL 
500.0000    5    8.000   1.0000         syok1
508.0000    0    2.000   1.0000          NULL 
510.0000    8    8.000   1.0000         syok4
518.0000    0    2.000   1.0000          NULL 
520.0000    5    8.000   1.0000         syok1
528.0000    0    2.000   1.0000          NULL 
530.0000    7    8.000   1.0000         syok3
538.0000    0    2.000   1.0000          NULL 
540.0000    2   10.000   1.0000         svar2
550.0000    0    2.000   1.0000          NULL 
552.0000    8    8.000   1.0000         syok4
560.0000    0    2.000   1.0000          NULL 
562.0000    8    8.000   1.0000         syok4
570.0000    0    2.000   1.0000          NULL 
572.0000    7    8.000   1.0000         syok3
580.0000    0    2.000   1.0000          NULL 
582.0000    5    8.000   1.0000         syok1
590.0000    0    2.000   1.0000          NULL 
592.0000    5    8.000   1.0000         syok1
600.0000    0    2.000   1.0000          NULL 
602.0000    2   10.000   1.0000         svar2
612.0000    0    2.000   1.0000          NULL 
614.0000    5    8.000   1.0000         syok1
622.0000    0    2.000   1.0000          NULL 
